2.851738679583743163e+00
3.769706631890580528e+00
4.179786389362368126e+00
2.183882193816196526e+00
2.236509718077338782e+00
3.105293585417614466e+00
2.602744294444598427e+00
2.826399081290920545e+00
2.673358355741668468e+00
2.893480169533420909e+00
2.992376222388586360e+00
2.969488806608764353e+00
1.964616851300560407e+00
2.818540693738161629e+00
3.176650950099741078e+00
2.529784758563075719e+00
2.185087218552375976e+00
2.289151589835365375e+00
2.802675137262935046e+00
2.397878941717165535e+00
2.769432556041157234e+00
3.112093061049609144e+00
2.322146170932373188e+00
3.740994873663757048e+00
2.661206946753441382e+00
2.882629164272755506e+00
2.951797602545816357e+00
2.406523929145740759e+00
2.008637646722620573e+00
2.307772999905913558e+00
3.292460017855655341e+00
3.767934718408827433e+00
3.028052100679096803e+00
2.892865495280743104e+00
3.275072141974634476e+00
1.835254962273184409e+00
2.892563262527817702e+00
2.606990101721467834e+00
2.024476928953008237e+00
3.260431806542662514e+00
2.763084125331575880e+00
2.713425836522221690e+00
2.819619736284925793e+00
2.552686534467980550e+00
2.648906167463595640e+00
2.210211512412014745e+00
2.481092602369493694e+00
2.747174684927843558e+00
3.284310076886714835e+00
1.772816048377200859e+00
