5.483737875862583877e+01
3.077599195129759835e+01
4.100662486858078637e+01
3.053432379490323711e+01
4.514691986379245492e+01
5.128671492478787286e+01
3.070038947760338388e+01
4.471174964427729037e+01
4.567557679777092261e+01
2.195286818889731251e+01
3.383477721284488382e+01
3.464780300888253350e+01
4.058343302670534314e+01
4.176424231733714265e+01
4.336555378333494559e+01
2.512897403100162563e+01
5.748228369905046264e+00
5.266487689962354324e+01
1.462331662207540361e+01
4.313824291733845229e+01
5.779136587185955420e+01
5.818167222749116263e+01
3.613187057826877435e+01
4.310169457484783351e+01
4.452207070341088269e+01
4.127102303256069149e+01
2.923474520334846716e+01
3.923104328121394246e+01
4.034388470977786056e+01
2.311295190189652971e+01
4.989170741345743920e+01
3.849058336194150343e+01
4.867164695943417030e+01
2.399509052952047483e+01
4.933856427516954568e+01
2.721141856248188873e+01
2.027086707932031473e+01
3.275922054500431813e+01
5.172977417062632810e+01
3.466246446356910127e+01
4.125202201280178116e+01
3.031823284370947391e+01
5.343697411400695785e+01
1.753547933917362656e+01
5.040985915628746739e+01
2.519877148706557080e+01
3.327966460493645684e+01
3.197663953750960530e+01
3.328091910503171391e+01
4.961798517859103441e+01
